Latitude	Longitude
44.42555	-111.81676
44.42331	-111.79947
44.41940	-111.78433
44.41726	-111.77614
44.41492	-111.76923
44.40925	-111.76185
44.40361	-111.75575
44.39886	-111.74848
44.39203	-111.74053
44.38809	-111.73402
44.38463	-111.72781
44.38225	-111.72426
44.38019	-111.72437
44.37667	-111.72534
44.37171	-111.72815
44.36587	-111.73259
44.36094	-111.73714
44.35767	-111.73906
44.35580	-111.74187
44.35426	-111.74466
44.35366	-111.74804
44.35206	-111.75274
44.34997	-111.75620
44.34752	-111.75903
44.34261	-111.75960
44.33454	-111.76192
44.32913	-111.76490
44.32228	-111.76556
44.31710	-111.76438
44.31099	-111.76245
44.30644	-111.75870
44.30226	-111.75620
44.29550	-111.75127
44.29057	-111.74610
44.28556	-111.74253
44.27977	-111.73486
44.27467	-111.72778
44.26968	-111.72007
44.26393	-111.71415
44.25888	-111.70883
44.25278	-111.70293
44.24602	-111.69802
44.24109	-111.69301
44.23507	-111.69013
44.22923	-111.68534
44.22403	-111.67876
44.21991	-111.66973
44.21518	-111.65899
44.21092	-111.64887
44.20387	-111.63682
44.19807	-111.62486
44.19120	-111.61583
44.18325	-111.60925
44.17468	-111.60540
44.16879	-111.60300
44.16190	-111.60241
44.15413	-111.59820
44.14638	-111.59495
44.13902	-111.59359
44.13334	-111.59102
44.12678	-111.58501
44.12102	-111.57911
44.11439	-111.57072
44.10990	-111.56507
44.10301	-111.55559
44.09752	-111.55143
44.08991	-111.54468
44.08069	-111.53786
44.07322	-111.53238
44.06618	-111.53022
44.06100	-111.52922
44.05403	-111.52959
44.04148	-111.53137
44.03508	-111.53187
44.02941	-111.53392
44.02386	-111.53612
44.01729	-111.53885
44.01232	-111.54134
44.00600	-111.54500
44.00022	-111.54705
43.99369	-111.55152
43.98751	-111.55598
43.98215	-111.56102
43.97784	-111.56711
43.97200	-111.57567
43.96741	-111.58431
43.96197	-111.59110
43.95653	-111.59773
43.94678	-111.60569
43.93679	-111.61365
43.92812	-111.61934
43.91932	-111.62439
43.91027	-111.62897
43.90201	-111.63257
43.89478	-111.64118
43.88590	-111.65225
43.87475	-111.66849
43.86729	-111.67695
43.86001	-111.68365
43.85360	-111.68809
43.84900	-111.69197
43.84225	-111.70133
43.83703	-111.71267
43.83339	-111.72223
43.83197	-111.73033
43.82841	-111.74364
43.82604	-111.75437
43.82411	-111.76443
43.82157	-111.77326
43.81844	-111.78100
43.81511	-111.79003
43.81102	-111.79624
43.80697	-111.79897
43.80154	-111.80177
43.79690	-111.80405
43.79267	-111.80457
43.78888	-111.80412
43.78475	-111.80369
43.78166	-111.80385
43.77699	-111.80486
43.77153	-111.80624
43.76482	-111.80815
43.75928	-111.81110
43.75459	-111.81133
43.74922	-111.81207
43.74240	-111.80940
43.73565	-111.80499
43.72979	-111.79927
43.72492	-111.79240
43.72007	-111.78568
43.71203	-111.77565
43.70635	-111.76788
43.70200	-111.75893
43.69576	-111.75182
43.69144	-111.74856
43.68707	-111.74783
43.68048	-111.74531
43.67647	-111.74520
43.67311	-111.74363
43.66970	-111.74001
43.66603	-111.73514
43.66216	-111.72681
43.65674	-111.71651
43.65268	-111.70961
43.64909	-111.70363
43.64487	-111.69974
43.64137	-111.69724
43.63735	-111.69665
43.63416	-111.69760
43.63112	-111.69965
43.62861	-111.70466
43.62546	-111.71129
43.62306	-111.71630
43.62077	-111.72099
43.61986	-111.72561
43.61906	-111.73054
43.61871	-111.73497
43.61919	-111.74031
43.62058	-111.74576
43.62202	-111.75311
43.62177	-111.76132
43.62171	-111.76811
43.62100	-111.77666
43.61987	-111.78223
43.61932	-111.78794
43.61805	-111.79226
43.61444	-111.79922
43.60895	-111.80406
43.60542	-111.80975
43.60199	-111.81496
43.59882	-111.82111
43.59298	-111.83558
43.58818	-111.85048
43.58448	-111.85869
43.58139	-111.86830
43.57830	-111.87822
43.57367	-111.88585
43.56925	-111.89284
43.56524	-111.89775
43.56181	-111.90280
43.55756	-111.90726
43.55466	-111.91039
43.55115	-111.91228
43.54810	-111.91400
43.54434	-111.91528
43.53989	-111.91596
43.53358	-111.91532
43.52680	-111.91453
43.52098	-111.91543
43.51364	-111.91499
43.50687	-111.91468
43.49859	-111.91838
43.49167	-111.92122
43.48137	-111.92674
43.47277	-111.93139
43.46416	-111.93557
43.45468	-111.94167
43.44453	-111.94859
43.43737	-111.95600
43.43109	-111.96211
43.42489	-111.96633
43.41865	-111.96913
43.40708	-111.97439
43.39551	-111.98466
43.38520	-111.99456
43.38183	-111.99755
43.37543	-112.00837
43.36770	-112.01642
43.36161	-112.02581
43.35822	-112.03271
43.35446	-112.03885
43.34962	-112.04284
43.33950	-112.05130
43.33026	-112.05831
43.32315	-112.06334
43.31583	-112.06932
43.30920	-112.07495
43.30157	-112.08267
43.29561	-112.08780
43.28855	-112.09470
43.28110	-112.10507
43.27529	-112.11207
43.26976	-112.12126
43.26536	-112.12992
43.26305	-112.13410
43.26118	-112.13763
43.25894	-112.14024
43.25587	-112.14147
43.25165	-112.14212
43.24834	-112.14273
43.24493	-112.14429
43.24041	-112.14700
43.22702	-112.15855
43.21288	-112.17280
43.20121	-112.18442
43.19237	-112.19452
43.18544	-112.20280
43.18117	-112.21238
43.17613	-112.22325
43.17299	-112.23200
43.16866	-112.25520
43.16635	-112.27127
43.16506	-112.28621
43.16355	-112.30224
43.16058	-112.31396
43.15749	-112.32567
43.15448	-112.33550
43.15144	-112.34377
43.14577	-112.35261
43.13861	-112.36150
43.13255	-112.36785
43.12426	-112.37757
43.11626	-112.38493
43.10939	-112.39068
43.10700	-112.39187
43.10460	-112.39212
43.10263	-112.39111
43.10017	-112.38839
43.09806	-112.38612
43.09447	-112.38407
43.09262	-112.38321
43.09090	-112.38328
43.08885	-112.38383
43.08680	-112.38453
43.08269	-112.38517
43.08013	-112.38339
43.07812	-112.38034
43.07514	-112.37452
43.07397	-112.37316
43.07234	-112.37181
43.06970	-112.37192
43.06765	-112.37247
43.06368	-112.37450
43.05971	-112.37669
43.05630	-112.37839
43.05379	-112.37865
43.05114	-112.37828
43.04772	-112.37889
43.04431	-112.38059
43.03401	-112.38709
43.02880	-112.39042
43.02494	-112.39198
43.02199	-112.39351
43.01951	-112.39610
43.01741	-112.39994
43.01487	-112.40457
43.01232	-112.40904
43.00808	-112.41499
43.00459	-112.41841
43.00213	-112.42163
42.99922	-112.42549
42.99567	-112.43156
42.99163	-112.43578
42.98789	-112.43796
42.98665	-112.43895
42.98395	-112.44202
42.98148	-112.44430
42.97842	-112.44629
42.97332	-112.44946
42.96501	-112.45227
42.94946	-112.45475
42.94500	-112.45523
42.94283	-112.45547
42.93995	-112.45464
42.93856	-112.45423
42.93593	-112.45464
42.93274	-112.45554
42.93058	-112.45625
42.92806	-112.45666
42.92564	-112.45566
42.92367	-112.45480
42.91996	-112.45276
42.91707	-112.45162
42.91389	-112.45299
42.91155	-112.45636
42.90778	-112.46305
42.90443	-112.47364
42.90356	-112.48225
42.90068	-112.49359
42.89943	-112.50643
42.89982	-112.51530
42.90026	-112.52044
42.89848	-112.52939
42.89645	-112.53743
42.89202	-112.54570
42.88980	-112.54968
42.88732	-112.55820
42.88707	-112.56335
42.88627	-112.56993
42.88419	-112.58124
42.88169	-112.58897
42.87796	-112.59846
42.87289	-112.60956
42.86661	-112.61743
42.86111	-112.62417
42.85575	-112.63200
42.84949	-112.64095
42.84337	-112.65146
42.84020	-112.66061
42.83885	-112.66860
42.83871	-112.67999
42.83808	-112.69029
42.83698	-112.69953
42.83490	-112.71191
42.83173	-112.72106
42.82931	-112.72690
42.82652	-112.73136
42.82295	-112.73694
42.81755	-112.74320
42.80877	-112.74630
42.79842	-112.75086
42.79011	-112.75472
42.78823	-112.75634
42.78765	-112.75759
42.78692	-112.75923
42.78654	-112.76076
42.78679	-112.76197
42.78728	-112.76338
42.78816	-112.76394
42.78946	-112.76393
42.79070	-112.76452
42.79161	-112.76500
42.79251	-112.76573
42.79285	-112.76740
42.79224	-112.77225
42.79088	-112.78008
42.79103	-112.78233
42.79083	-112.78413
42.79047	-112.78595
42.79067	-112.78818
42.79185	-112.78967
42.79300	-112.79075
42.79465	-112.79303
42.79566	-112.79732
42.79582	-112.79894
42.79596	-112.80296
42.79502	-112.80875
42.79319	-112.81598
42.78991	-112.82574
42.78525	-112.83523
42.77922	-112.84571
42.77148	-112.85623
42.76484	-112.86423
42.75899	-112.87111
42.75262	-112.87443
42.74615	-112.87868
42.73857	-112.88499
42.73126	-112.89409
42.71634	-112.91525
42.70579	-112.92989
42.69379	-112.94737
42.68460	-112.96118
42.67869	-112.97287
42.67401	-112.98172
42.66694	-112.99157
42.66233	-112.99792
42.66000	-113.00343
42.65730	-113.00678
42.65458	-113.00919
42.65188	-113.01222
42.64955	-113.01758
42.64790	-113.02291
42.64615	-113.02824
42.64302	-113.03393
42.63922	-113.04088
42.63449	-113.05454
42.62965	-113.06881
42.62525	-113.08230
42.62296	-113.09029
42.61989	-113.10047
42.61929	-113.10686
42.61892	-113.11308
42.61969	-113.11880
42.61933	-113.12580
42.61841	-113.13406
42.61801	-113.14650
42.61794	-113.15892
42.61737	-113.16764
42.61748	-113.17555
42.61681	-113.18520
42.61551	-113.19129
42.61478	-113.19690
42.61326	-113.20285
42.61084	-113.21083
42.60705	-113.21917
42.60383	-113.22701
42.60093	-113.23330
42.59669	-113.24242
42.59473	-113.25055
42.59256	-113.26069
42.59138	-113.27625
42.59003	-113.28731
42.58994	-113.29833
42.58808	-113.30521
42.58681	-113.31409
42.58662	-113.32636
42.58688	-113.33846
42.58834	-113.34525
42.58944	-113.35113
42.58996	-113.35608
42.58918	-113.36759
42.58818	-113.37988
42.58811	-113.39416
42.58919	-113.40779
42.58964	-113.41725
42.58889	-113.42162
42.58746	-113.42724
42.58661	-113.43300
42.58660	-113.44201
42.58754	-113.45425
42.58853	-113.46090
42.58788	-113.46479
42.58499	-113.47278
42.57723	-113.48646
42.57183	-113.49636
42.56835	-113.50327
42.56478	-113.51266
42.56187	-113.51924
42.55772	-113.52818
42.55232	-113.53792
42.54793	-113.54530
42.54261	-113.55271
42.53866	-113.55823
42.53480	-113.56265
42.53071	-113.56553
42.52364	-113.57018
42.51794	-113.57279
42.51188	-113.57540
42.49979	-113.58140
42.49044	-113.58640
42.48258	-113.59153
42.47278	-113.59793
42.46006	-113.61106
42.44759	-113.62588
42.43604	-113.64099
42.42969	-113.64871
42.42367	-113.65487
42.41688	-113.66430
42.41009	-113.67388
42.40481	-113.68591
42.40070	-113.69945
42.39814	-113.70833
42.39558	-113.71735
42.39050	-113.72565
42.38368	-113.73260
42.37719	-113.73829
42.37070	-113.74367
42.36494	-113.75337
42.35905	-113.76230
42.35383	-113.76890
42.34691	-113.77784
42.34080	-113.78754
42.33569	-113.79367
42.32958	-113.80321
42.32483	-113.81165
42.32203	-113.81958
42.31968	-113.82658
42.31812	-113.83310
42.31920	-113.83896
42.32133	-113.84665
42.32310	-113.85311
42.32509	-113.85818
42.33169	-113.86580
42.33459	-113.86946
42.33668	-113.87283
42.33809	-113.87698
42.33880	-113.88037
42.33884	-113.88563
42.33853	-113.89027
42.33697	-113.89633
42.33566	-113.90485
42.33549	-113.91274
42.33554	-113.91955
42.33662	-113.92587
42.33955	-113.93417
42.34490	-113.94445
42.35018	-113.96061
42.35740	-113.97704
42.36382	-113.99303
42.36721	-114.00304
42.36852	-114.01044
42.37192	-114.02091
42.37644	-114.02781
42.37946	-114.03457
42.38226	-114.04072
42.38459	-114.04734
42.38624	-114.05475
42.38847	-114.06245
42.39163	-114.07278
42.39595	-114.08463
42.39889	-114.09682
42.40044	-114.10655
42.40152	-114.11567
42.40319	-114.12710
42.40382	-114.13746
42.40424	-114.14938
42.40337	-114.15806
42.40332	-114.17183
42.40465	-114.18389
42.40629	-114.19006
42.40724	-114.19640
42.40796	-114.20320
42.40743	-114.21141
42.40679	-114.22086
42.40581	-114.23248
42.40484	-114.24457
42.40408	-114.25433
42.40320	-114.26192
42.40334	-114.26734
42.40555	-114.27490
42.40729	-114.27859
42.40835	-114.28477
42.40871	-114.28988
42.41011	-114.29389
42.41275	-114.29479
42.41562	-114.29631
42.41736	-114.30031
42.42083	-114.30786
42.42247	-114.31559
42.42319	-114.32270
42.42402	-114.33028
42.42371	-114.33740
42.42259	-114.34531
42.42089	-114.35013
42.41953	-114.35339
42.41793	-114.35666
42.41519	-114.35886
42.41336	-114.36058
42.41188	-114.36245
42.41074	-114.36556
42.40996	-114.36959
42.41055	-114.37639
42.41484	-114.38796
42.41786	-114.39862
42.41971	-114.40464
42.42019	-114.40881
42.41986	-114.41284
42.41941	-114.41734
42.41805	-114.42060
42.41657	-114.42356
42.41417	-114.42807
42.40974	-114.44033
42.40725	-114.45057
42.40372	-114.46113
42.40030	-114.46797
42.39608	-114.47605
42.39357	-114.48056
42.39256	-114.48629
42.39258	-114.49387
42.39616	-114.50422
42.40227	-114.51531
42.40918	-114.52703
42.41860	-114.53516
42.42481	-114.53945
42.43182	-114.54777
42.43631	-114.55532
42.44137	-114.56133
42.44390	-114.56766
42.44610	-114.57694
42.44681	-114.58638
42.44682	-114.59289
42.44856	-114.60155
42.45086	-114.60820
42.45374	-114.61159
42.45822	-114.61621
42.46166	-114.61804
42.46626	-114.62359
42.47096	-114.62636
42.47532	-114.62896
42.47934	-114.63095
42.48462	-114.63588
42.48762	-114.64315
42.49039	-114.65553
42.49247	-114.66901
42.49466	-114.68232
42.49686	-114.69533
42.49973	-114.70524
42.50238	-114.71236
42.50422	-114.72057
42.50469	-114.73095
42.50424	-114.74583
42.50424	-114.75467
42.50459	-114.76521
42.50597	-114.77404
42.50747	-114.78225
42.50873	-114.79015
42.50850	-114.79744
42.50690	-114.80333
42.50507	-114.80954
42.50461	-114.80675
42.50369	-114.81172
42.50220	-114.81560
42.50254	-114.82056
42.50404	-114.82784
42.50713	-114.83666
42.51114	-114.84968
42.51240	-114.85603
42.51412	-114.86285
42.51423	-114.86967
42.51389	-114.87308
42.51411	-114.88130
42.51480	-114.88889
42.51766	-114.89834
42.52167	-114.90500
42.52476	-114.90763
42.52809	-114.90964
42.53015	-114.91228
42.53152	-114.91631
42.53404	-114.92158
42.53667	-114.92669
42.54080	-114.93025
42.54504	-114.93273
42.54836	-114.93319
42.55123	-114.93241
42.55307	-114.93241
42.55385	-114.93322
42.55401	-114.93200
42.55570	-114.93050
42.55751	-114.92890
42.55781	-114.92700
42.55810	-114.92500
42.55840	-114.92300
42.56020	-114.92150
42.56051	-114.91950
42.56080	-114.91750
42.56110	-114.91560
42.56280	-114.91400
42.56460	-114.91250
42.56640	-114.91090
42.56810	-114.90940
42.56961	-114.90980
42.56990	-114.90790
42.57160	-114.90630
42.57340	-114.90470
42.57491	-114.90520
42.57630	-114.90560
42.57780	-114.90600
42.57921	-114.90640
42.58070	-114.90680
42.58210	-114.90720
42.58240	-114.90530
42.58420	-114.90370
42.58600	-114.90220
42.58631	-114.90020
42.58510	-114.89780
42.58541	-114.89590
42.58721	-114.89430
42.58750	-114.89230
42.58780	-114.89040
42.58811	-114.88840
42.58840	-114.88640
42.58870	-114.88450
42.58901	-114.88250
42.58930	-114.88050
42.59110	-114.87900
42.59260	-114.87940
42.59431	-114.87790
42.59540	-114.88020
42.59660	-114.88260
42.59630	-114.88460
42.59740	-114.88690
42.59890	-114.88740
42.60031	-114.88780
42.60180	-114.88820
42.60320	-114.88860
42.60440	-114.89100
42.60590	-114.89140
42.60731	-114.89180
42.60901	-114.89030
42.61050	-114.89070
42.61171	-114.89310
42.61310	-114.89350
42.61431	-114.89590
42.61600	-114.89430
42.61710	-114.89670
42.61861	-114.89710
42.62000	-114.89750
42.62111	-114.89990
42.62291	-114.89840
42.62440	-114.89880
42.62610	-114.89720
42.62770	-114.89760
42.62910	-114.89800
42.63081	-114.89650
42.63261	-114.89500
42.63400	-114.89540
42.63580	-114.89380
42.63730	-114.89420
42.63900	-114.89270
42.64041	-114.89310
42.64230	-114.89160
42.64370	-114.89200
42.64510	-114.89240
42.64690	-114.89080
42.64870	-114.88930
42.65040	-114.88770
42.65190	-114.88810
42.65331	-114.88850
42.65470	-114.88890
42.65650	-114.88740
42.65830	-114.88590
42.66000	-114.88430
42.66150	-114.88470
42.66180	-114.88280
42.66350	-114.88120
42.66500	-114.88160
42.66680	-114.88010
42.66821	-114.88050
42.67000	-114.87890
42.67140	-114.87930
42.67320	-114.87780
42.67350	-114.87580
42.67380	-114.87380
42.67560	-114.87230
42.67730	-114.87070
42.67910	-114.86920
42.68080	-114.86760
42.68260	-114.86610
42.68441	-114.86450
42.68580	-114.86490
42.68760	-114.86340
42.68930	-114.86180
42.69110	-114.86030
42.69280	-114.85870
42.69170	-114.85630
42.69340	-114.85480
42.69520	-114.85320
42.69670	-114.85370
42.69780	-114.85600
42.69901	-114.85840
42.70040	-114.85880
42.70210	-114.85730
42.70370	-114.85770
42.70511	-114.85810
42.70540	-114.85610
42.70710	-114.85460
42.70890	-114.85300
42.70920	-114.85110
42.70950	-114.84910
42.70980	-114.84710
42.71160	-114.84560
42.71331	-114.84400
42.71480	-114.84440
42.71620	-114.84480
42.71800	-114.84330
42.71951	-114.84370
42.72120	-114.84210
42.72300	-114.84060
42.72470	-114.83900
42.72621	-114.83940
42.72801	-114.83790
42.72940	-114.83830
42.73111	-114.83670
42.73260	-114.83720
42.73401	-114.83760
42.73550	-114.83800
42.73700	-114.83840
42.73841	-114.83880
42.73990	-114.83920
42.74130	-114.83960
42.74281	-114.84010
42.74420	-114.84050
42.74570	-114.84090
42.74680	-114.84330
42.74801	-114.84560
42.74911	-114.84800
42.75020	-114.85040
42.75140	-114.85280
42.75250	-114.85520
42.75230	-114.85720
42.75201	-114.85910
42.75160	-114.86110
42.75141	-114.86310
42.75100	-114.86510
42.75070	-114.86700
42.75180	-114.86940
42.75300	-114.87180
42.75270	-114.87380
42.75241	-114.87570
42.75350	-114.87810
42.75470	-114.88050
42.75650	-114.87900
42.75761	-114.88130
42.75870	-114.88370
42.75990	-114.88610
42.75960	-114.88810
42.76070	-114.89040
42.76040	-114.89240
42.76160	-114.89480
42.76130	-114.89680
42.76100	-114.89880
42.76210	-114.90110
42.76330	-114.90350
42.76441	-114.90590
42.76410	-114.90790
42.76381	-114.90990
42.76351	-114.91180
42.76310	-114.91380
42.76290	-114.91580
42.76251	-114.91770
42.76370	-114.92010
42.76480	-114.92250
42.76601	-114.92490
42.76710	-114.92730
42.76820	-114.92970
42.76970	-114.93010
42.77091	-114.93250
42.77230	-114.93290
42.77351	-114.93530
42.77530	-114.93370
42.77670	-114.93420
42.77810	-114.93460
42.77961	-114.93500
42.78111	-114.93540
42.78250	-114.93580
42.78390	-114.93620
42.78541	-114.93660
42.78690	-114.93710
42.78830	-114.93750
42.78981	-114.93790
42.79120	-114.93830
42.79261	-114.93880
42.79440	-114.93720
42.79620	-114.93560
42.79650	-114.93370
42.79680	-114.93170
42.79850	-114.93010
42.80000	-114.93060
42.80141	-114.93100
42.80260	-114.93330
42.80410	-114.93380
42.80551	-114.93420
42.80690	-114.93460
42.80840	-114.93500
42.80991	-114.93540
42.81161	-114.93390
42.81300	-114.93430
42.81341	-114.93230
42.81510	-114.93080
42.81690	-114.92920
42.81860	-114.92770
42.81901	-114.92570
42.81930	-114.92370
42.82100	-114.92220
42.81991	-114.91980
42.82161	-114.91820
42.82341	-114.91670
42.82370	-114.91470
42.82540	-114.91310
42.82580	-114.91120
42.82750	-114.90960
42.82900	-114.91000
42.83070	-114.90850
42.83221	-114.90890
42.83401	-114.90730
42.83571	-114.90580
42.83720	-114.90620
42.83890	-114.90460
42.84070	-114.90310
42.84210	-114.90350
42.84390	-114.90190
42.84560	-114.90040
42.84740	-114.89880
42.84890	-114.89920
42.85030	-114.89970
42.85180	-114.90010
42.85290	-114.90250
42.85430	-114.90290
42.85610	-114.90130
42.85760	-114.90170
42.85900	-114.90210
42.86011	-114.90460
42.86130	-114.90690
42.86280	-114.90730
42.86430	-114.90780
42.86530	-114.91010
42.86650	-114.91260
42.86620	-114.91450
42.86771	-114.91490
42.86880	-114.91730
42.86990	-114.91970
42.86960	-114.92170
42.87080	-114.92410
42.87220	-114.92450
42.87340	-114.92690
42.87480	-114.92730
42.87601	-114.92970
42.87710	-114.93210
42.87861	-114.93250
42.88000	-114.93290
42.88150	-114.93330
42.88260	-114.93570
42.88380	-114.93810
42.88521	-114.93850
42.88670	-114.93900
42.88781	-114.94130
42.88900	-114.94380
42.89011	-114.94610
42.89130	-114.94850
42.89271	-114.94890
42.89420	-114.94940
42.89531	-114.95180
42.89640	-114.95420
42.89790	-114.95460
42.89900	-114.95700
42.90050	-114.95740
42.90160	-114.95980
42.90310	-114.96020
42.90460	-114.96060
42.90601	-114.96100
42.90710	-114.96340
42.90681	-114.96540
42.90650	-114.96740
42.90620	-114.96940
42.90590	-114.97130
42.90560	-114.97330
42.90531	-114.97530
42.90501	-114.97720
42.90470	-114.97920
42.90440	-114.98120
42.90410	-114.98320
42.90380	-114.98510
42.90200	-114.98670
42.90161	-114.98870
42.90280	-114.99110
42.90250	-114.99300
42.90371	-114.99550
42.90480	-114.99780
42.90450	-114.99980
42.90560	-115.00220
42.90530	-115.00420
42.90500	-115.00620
42.90470	-115.00810
42.90440	-115.01010
42.90561	-115.01250
42.90530	-115.01450
42.90640	-115.01690
42.90610	-115.01880
42.90721	-115.02120
42.90690	-115.02320
42.90810	-115.02560
42.90770	-115.02760
42.90751	-115.02960
42.90711	-115.03150
42.90681	-115.03350
42.90800	-115.03590
42.90770	-115.03780
42.90740	-115.03990
42.90851	-115.04220
42.90960	-115.04460
42.91080	-115.04700
42.91191	-115.04940
42.91011	-115.05100
42.90990	-115.05300
42.90950	-115.05490
42.90921	-115.05690
42.90891	-115.05890
42.90861	-115.06090
42.90831	-115.06280
42.90801	-115.06480
42.90770	-115.06680
42.90880	-115.06920
42.90850	-115.07110
42.90970	-115.07350
42.90940	-115.07550
42.90900	-115.07750
42.91021	-115.07990
42.90991	-115.08190
42.90961	-115.08380
42.90921	-115.08580
42.90901	-115.08780
42.90861	-115.08970
42.90981	-115.09210
42.90951	-115.09410
42.90921	-115.09610
42.90890	-115.09810
42.91000	-115.10050
42.90970	-115.10240
42.90791	-115.10400
42.90771	-115.10600
42.90730	-115.10790
42.90560	-115.10950
42.90530	-115.11150
42.90640	-115.11380
42.90460	-115.11540
42.90430	-115.11740
42.90400	-115.11940
42.90221	-115.12090
42.90191	-115.12290
42.90020	-115.12440
42.89980	-115.12640
42.89810	-115.12800
42.89630	-115.12950
42.89600	-115.13150
42.89570	-115.13350
42.89540	-115.13540
42.89510	-115.13740
42.89330	-115.13900
42.89301	-115.14090
42.89270	-115.14290
42.89240	-115.14490
42.89360	-115.14730
42.89320	-115.14930
42.89290	-115.15120
42.89410	-115.15360
42.89551	-115.15410
42.89671	-115.15640
42.89810	-115.15690
42.89960	-115.15730
42.90100	-115.15770
42.90241	-115.15810
42.90390	-115.15860
42.90540	-115.15900
42.90680	-115.15940
42.90830	-115.15980
42.90971	-115.16020
42.91120	-115.16070
42.91260	-115.16110
42.91410	-115.16150
42.91521	-115.16390
42.91671	-115.16430
42.91840	-115.16280
42.92020	-115.16120
42.92161	-115.16160
42.92340	-115.16010
42.92520	-115.15860
42.92690	-115.15700
42.92870	-115.15540
42.93011	-115.15590
42.93161	-115.15630
42.93300	-115.15670
42.93450	-115.15710
42.93621	-115.15560
42.93770	-115.15600
42.93880	-115.15840
42.94030	-115.15880
42.94140	-115.16120
42.94321	-115.15970
42.94431	-115.16200
42.94551	-115.16450
42.94690	-115.16490
42.94810	-115.16730
42.94980	-115.16570
42.95100	-115.16810
42.95240	-115.16860
42.95390	-115.16900
42.95500	-115.17140
42.95610	-115.17380
42.95760	-115.17420
42.95870	-115.17660
42.95990	-115.17900
42.96110	-115.18140
42.96251	-115.18180
42.96361	-115.18420
42.96510	-115.18460
42.96650	-115.18510
42.96790	-115.18550
42.96941	-115.18590
42.97080	-115.18630
42.97260	-115.18480
42.97441	-115.18320
42.97470	-115.18130
42.97640	-115.17970
42.97821	-115.17810
42.98000	-115.17660
42.98180	-115.17500
42.98350	-115.17350
42.98490	-115.17390
42.98640	-115.17430
42.98791	-115.17480
42.98901	-115.17720
42.99070	-115.17560
42.99220	-115.17600
42.99340	-115.17840
42.99450	-115.18080
42.99560	-115.18320
42.99711	-115.18370
42.99850	-115.18410
42.99821	-115.18610
42.99931	-115.18840
42.99910	-115.19040
43.00020	-115.19280
42.99990	-115.19480
42.99999	-115.19497
43.00117	-115.19495
43.00429	-115.19472
43.00849	-115.19458
43.01203	-115.19504
43.01475	-115.19576
43.01683	-115.19610
43.02072	-115.19673
43.02309	-115.19660
43.02526	-115.19746
43.02675	-115.19820
43.02823	-115.19999
43.02989	-115.20235
43.03123	-115.20371
43.03276	-115.20436
43.03446	-115.20466
43.03556	-115.20476
43.03659	-115.20485
43.03842	-115.20644
43.03967	-115.20679
43.04058	-115.20700
43.04193	-115.20647
43.04307	-115.20589
43.04463	-115.20390
43.04702	-115.20133
43.04816	-115.19974
43.04958	-115.19785
43.05155	-115.19507
43.05303	-115.19139
43.05444	-115.18743
43.05620	-115.18370
43.05715	-115.18121
43.05852	-115.17895
43.06069	-115.17660
43.06220	-115.17595
43.06442	-115.17399
43.06646	-115.17246
43.06822	-115.17183
43.06944	-115.17037
43.07002	-115.16836
43.07061	-115.16583
43.07108	-115.16536
43.07264	-115.16495
43.07363	-115.16292
43.07447	-115.16209
43.07509	-115.16152
43.07665	-115.16075
43.07805	-115.15631
43.07969	-115.14630
43.07854	-115.14318
43.07717	-115.13849
43.07557	-115.13521
43.07304	-115.13099
43.06832	-115.13070
43.06451	-115.13040
43.06186	-115.13041
43.06036	-115.13323
43.06047	-115.13510
43.06184	-115.13823
43.06045	-115.14308
43.05906	-115.14465
43.05802	-115.14621
43.05651	-115.14762
43.05524	-115.15091
43.05442	-115.15435
43.05268	-115.15717
43.05107	-115.15827
43.04876	-115.15922
43.04518	-115.15907
43.03988	-115.15784
43.03436	-115.15426
43.02942	-115.14880
43.02551	-115.14397
43.02184	-115.13648
43.02047	-115.13180
43.02037	-115.12836
43.02198	-115.12648
43.02476	-115.12460
43.02626	-115.12334
43.02707	-115.12021
43.02616	-115.11662
43.02582	-115.11318
43.02468	-115.10850
43.02400	-115.10350
43.02390	-115.09819
43.02495	-115.09287
43.02680	-115.08911
43.02970	-115.08425
43.03362	-115.08096
43.03639	-115.08016
43.03824	-115.07844
43.04067	-115.07671
43.04182	-115.07467
43.04229	-115.07248
43.04206	-115.07045
43.04114	-115.06842
43.03953	-115.06671
43.03769	-115.06500
43.03562	-115.06282
43.03493	-115.06063
43.03264	-115.05517
43.03116	-115.04752
43.02967	-115.04034
43.02795	-115.03597
43.02611	-115.03113
43.02336	-115.02677
43.02267	-115.02302
43.02279	-115.01959
43.02372	-115.01520
43.02592	-115.00941
43.02777	-115.00440
43.03178	-114.99912
43.03465	-114.99615
43.03752	-114.99083
43.04016	-114.98521
43.04108	-114.98005
43.04144	-114.97333
43.04098	-114.96708
43.04191	-114.95661
43.04365	-114.93958
43.04561	-114.92723
43.04871	-114.91738
43.05502	-114.90143
43.06018	-114.88610
43.06122	-114.87844
43.06122	-114.87390
43.06088	-114.86859
43.06019	-114.86281
43.05722	-114.85844
43.05424	-114.85407
43.05011	-114.85267
43.04725	-114.85159
43.04507	-114.84878
43.04324	-114.84472
43.04152	-114.84082
43.04061	-114.83707
43.03957	-114.83129
43.03763	-114.81864
43.03636	-114.80286
43.03636	-114.78880
43.03693	-114.77724
43.03910	-114.76754
43.03956	-114.76191
43.03864	-114.75848
43.03692	-114.75583
43.03509	-114.75490
43.03257	-114.75553
43.02913	-114.75680
43.02638	-114.75915
43.02374	-114.76088
43.02214	-114.76167
43.02076	-114.76089
43.01905	-114.75949
43.01698	-114.75591
43.01686	-114.74982
43.01560	-114.74201
43.01594	-114.73436
43.01716	-114.73060
43.01960	-114.72559
43.02406	-114.71886
43.03276	-114.71194
43.03998	-114.70722
43.05017	-114.70420
43.05807	-114.70151
43.06896	-114.69958
43.07640	-114.69845
43.08099	-114.69702
43.08373	-114.69435
43.08774	-114.69292
43.09507	-114.69085
43.10607	-114.68532
43.11373	-114.67715
43.11876	-114.66790
43.12310	-114.65551
43.12401	-114.65081
43.12355	-114.64722
43.12240	-114.64394
43.12067	-114.64191
43.11700	-114.63865
43.10794	-114.62947
43.10243	-114.62372
43.09703	-114.61843
43.09359	-114.61580
43.09050	-114.61581
43.08580	-114.61709
43.08294	-114.61977
43.08031	-114.62182
43.07711	-114.62481
43.07448	-114.62607
43.07264	-114.62640
43.06966	-114.62626
43.06600	-114.62628
43.06371	-114.62926
43.06131	-114.63162
43.05925	-114.63273
43.05615	-114.63212
43.05294	-114.63089
43.05030	-114.62715
43.04915	-114.62216
43.04742	-114.61951
43.04536	-114.61624
43.04283	-114.61454
43.04122	-114.61080
43.04178	-114.60533
43.04395	-114.60109
43.04796	-114.59841
43.05368	-114.59463
43.05826	-114.59116
43.06203	-114.58644
43.06809	-114.58140
43.07450	-114.57714
43.07943	-114.57617
43.08447	-114.57879
43.08986	-114.57844
43.09318	-114.57686
43.09603	-114.57215
43.09912	-114.56837
43.10266	-114.56350
43.10551	-114.55785
43.10813	-114.55157
43.11041	-114.54468
43.11360	-114.53714
43.11886	-114.53116
43.12457	-114.52502
43.12948	-114.51700
43.13244	-114.51009
43.13425	-114.50304
43.13458	-114.49771
43.13423	-114.49365
43.13170	-114.48897
43.12871	-114.48602
43.12412	-114.48528
43.11977	-114.48625
43.11714	-114.48659
43.11484	-114.48441
43.11128	-114.48131
43.10772	-114.47775
43.10393	-114.47543
43.10038	-114.47530
43.09442	-114.47660
43.08893	-114.47743
43.08401	-114.48028
43.07784	-114.48612
43.07052	-114.49181
43.06400	-114.49577
43.06068	-114.49595
43.05770	-114.49535
43.05482	-114.49271
43.05034	-114.48743
43.04666	-114.48199
43.04391	-114.48077
43.04104	-114.47954
43.03863	-114.47846
43.03736	-114.47566
43.03838	-114.47315
43.03975	-114.47158
43.04330	-114.46921
43.04639	-114.46715
43.04936	-114.46353
43.05038	-114.45946
43.05208	-114.45601
43.05733	-114.44908
43.06487	-114.43901
43.07354	-114.42878
43.07959	-114.42216
43.08599	-114.41694
43.09125	-114.41329
43.09766	-114.41105
43.10396	-114.40989
43.11004	-114.41218
43.11313	-114.41184
43.11497	-114.41308
43.11807	-114.41587
43.12129	-114.41881
43.12588	-114.42158
43.13195	-114.42043
43.13527	-114.41900
43.13927	-114.41599
43.14178	-114.41252
43.14428	-114.40686
43.14621	-114.40371
43.14919	-114.40181
43.15147	-114.39975
43.15410	-114.39691
43.15763	-114.39109
43.16001	-114.38496
43.16102	-114.37900
43.16272	-114.37382
43.16830	-114.36468
43.17138	-114.36121
43.17333	-114.36025
43.17585	-114.36022
43.17814	-114.36067
43.17952	-114.36254
43.18102	-114.36534
43.18275	-114.36783
43.18528	-114.36984
43.18769	-114.37107
43.18964	-114.37168
43.19147	-114.37181
43.19410	-114.37085
43.19731	-114.37035
43.20109	-114.37141
43.20487	-114.37231
43.20763	-114.37401
43.20993	-114.37633
43.21212	-114.37992
43.21397	-114.38444
43.21720	-114.39005
43.22110	-114.39393
43.22398	-114.39673
43.22765	-114.39888
43.23086	-114.39995
43.23419	-114.40070
43.23613	-114.39943
43.24036	-114.39751
43.24288	-114.39545
43.24492	-114.39104
43.24686	-114.38726
43.24821	-114.38145
43.24853	-114.37549
43.25102	-114.36778
43.25248	-114.35899
43.25303	-114.35303
43.25199	-114.34912
43.25094	-114.34537
43.25000	-114.34052
43.25021	-114.33472
43.25110	-114.32891
43.25292	-114.32575
43.25543	-114.32165
43.25817	-114.31974
43.26102	-114.31642
43.26249	-114.31264
43.26419	-114.30823
43.26567	-114.30477
43.26943	-114.30096
43.27159	-114.29765
43.27548	-114.29588
43.27857	-114.29475
43.28269	-114.29298
43.28530	-114.28934
43.28701	-114.28666
43.28722	-114.28210
43.28639	-114.27553
43.28290	-114.26443
43.28024	-114.25709
43.27745	-114.24928
43.27365	-114.24572
43.26905	-114.24075
43.26513	-114.23531
43.26213	-114.23127
43.25845	-114.22912
43.25581	-114.22774
43.25282	-114.22527
43.25155	-114.22293
43.25154	-114.21979
43.25335	-114.21601
43.25494	-114.21270
43.25869	-114.20748
43.26393	-114.20146
43.27054	-114.19495
43.27247	-114.19069
43.27393	-114.18581
43.27402	-114.18079
43.27365	-114.17593
43.27168	-114.17188
43.26800	-114.16785
43.26730	-114.16551
43.26074	-114.16105
43.25603	-114.15829
43.25351	-114.15722
43.25098	-114.15584
43.24878	-114.15274
43.24705	-114.14978
43.24738	-114.14633
43.24759	-114.14429
43.24746	-114.14162
43.24677	-114.13960
43.24538	-114.13742
43.24377	-114.13572
43.24214	-114.13182
43.24073	-114.12573
43.23931	-114.11838
43.24065	-114.11099
43.24165	-114.10534
43.24344	-114.09920
43.24537	-114.09635
43.24867	-114.09239
43.25162	-114.08654
43.25547	-114.08006
43.25912	-114.07625
43.26300	-114.07384
43.26665	-114.07206
43.27019	-114.07044
43.27339	-114.06946
43.27683	-114.07004
43.28086	-114.07217
43.28361	-114.07355
43.28694	-114.07381
43.28980	-114.07346
43.29173	-114.07092
43.29651	-114.06521
43.30151	-114.05870
43.30479	-114.05206
43.30624	-114.04561
43.30609	-114.04028
43.30524	-114.03245
43.30130	-114.02607
43.29689	-114.01782
43.29134	-114.00912
43.28729	-114.00370
43.28511	-114.00185
43.28213	-114.00299
43.28008	-114.00412
43.27859	-114.00461
43.27745	-114.00432
43.27731	-114.00150
43.27752	-113.99820
43.27864	-113.99363
43.27928	-113.98751
43.27902	-113.98218
43.27830	-113.97796
43.27781	-113.97279
43.27652	-113.96826
43.27535	-113.96483
43.27451	-113.96029
43.27482	-113.95527
43.27650	-113.95023
43.27878	-113.94752
43.28186	-113.94685
43.28497	-113.94821
43.28773	-113.94957
43.29061	-113.95266
43.29213	-113.95735
43.29687	-113.96355
43.30136	-113.96708
43.30618	-113.96810
43.30973	-113.96805
43.31295	-113.96988
43.31641	-113.97296
43.31896	-113.97685
43.32106	-113.98215
43.32257	-113.98558
43.32259	-113.98840
43.32443	-113.98979
43.32581	-113.99024
43.32764	-113.99021
43.32969	-113.98829
43.33058	-113.98467
43.33262	-113.98228
43.33399	-113.98053
43.33558	-113.97894
43.33969	-113.97715
43.34129	-113.97571
43.34276	-113.97427
43.34447	-113.97268
43.34595	-113.97155
43.34731	-113.96886
43.34775	-113.96666
43.34808	-113.96414
43.34726	-113.96227
43.34655	-113.95899
43.34297	-113.95386
43.33915	-113.94890
43.33819	-113.94279
43.33849	-113.93651
43.34040	-113.93161
43.34449	-113.92684
43.34789	-113.92129
43.34923	-113.91687
43.35068	-113.91198
43.35249	-113.90802
43.35520	-113.90295
43.35838	-113.89929
43.36269	-113.89387
43.36632	-113.88926
43.37278	-113.88051
43.37754	-113.87352
43.37969	-113.86987
43.38114	-113.86481
43.38122	-113.86010
43.38119	-113.85696
43.38059	-113.85367
43.38125	-113.84942
43.38155	-113.84439
43.38413	-113.83774
43.38682	-113.83000
43.38791	-113.82260
43.38730	-113.81805
43.38601	-113.81462
43.38279	-113.81248
43.37693	-113.81070
43.37198	-113.80765
43.36795	-113.80458
43.36505	-113.80087
43.36421	-113.79570
43.36497	-113.79097
43.36665	-113.78655
43.37095	-113.77987
43.37513	-113.77351
43.37567	-113.76973
43.37575	-113.76564
43.37722	-113.76295
43.38140	-113.75658
43.38400	-113.75261
43.38442	-113.74836
43.38324	-113.74414
43.38204	-113.73741
43.38234	-113.73269
43.38333	-113.72749
43.38570	-113.72430
43.38878	-113.72267
43.39416	-113.72225
43.39885	-113.72106
43.40342	-113.72049
43.40694	-113.71728
43.40805	-113.71333
43.40836	-113.70877
43.40773	-113.70281
43.40724	-113.69936
43.40503	-113.69595
43.40097	-113.68943
43.39564	-113.68263
43.39155	-113.67375
43.39057	-113.66764
43.39130	-113.65946
43.39274	-113.65409
43.39543	-113.64869
43.39904	-113.64202
43.40389	-113.63500
43.40765	-113.63257
43.41050	-113.63125
43.41417	-113.63149
43.41806	-113.63125
43.42106	-113.63386
43.42554	-113.63502
43.42897	-113.63464
43.43250	-113.63252
43.43705	-113.62881
43.44046	-113.62653
43.44446	-113.62488
43.44744	-113.62576
43.45112	-113.62710
43.45503	-113.62843
43.45834	-113.62757
43.46150	-113.62247
43.46406	-113.61518
43.46409	-113.60685
43.46346	-113.60057
43.46454	-113.59394
43.46947	-113.58330
43.47499	-113.57390
43.48110	-113.56653
43.48793	-113.56213
43.49649	-113.55942
43.50402	-113.55721
43.51250	-113.55686
43.52383	-113.55646
43.53012	-113.55632
43.53672	-113.55208
43.54126	-113.54820
43.54705	-113.54271
43.55091	-113.53932
43.55633	-113.53227
43.56085	-113.52681
43.56586	-113.52371
43.57122	-113.52201
43.57679	-113.51763
43.58188	-113.51184
43.58500	-113.50405
43.58878	-113.49340
43.59252	-113.47850
43.59346	-113.47029
43.59691	-113.46154
43.59986	-113.44839
43.60270	-113.43618
43.60429	-113.42432
43.60425	-113.41093
43.60353	-113.39786
43.60326	-113.38447
43.60417	-113.37373
43.60460	-113.36143
43.60538	-113.35021
43.60662	-113.33836
43.60951	-113.32189
43.61264	-113.31535
43.61554	-113.30960
43.61992	-113.30223
43.62384	-113.29535
43.62664	-113.28976
43.62963	-113.28195
43.63114	-113.27403
43.63287	-113.26578
43.63267	-113.25948
43.63097	-113.25149
43.62871	-113.24461
43.62537	-113.23413
43.62300	-113.22773
43.62153	-113.22052
43.62026	-113.21046
43.62111	-113.19688
43.62292	-113.18611
43.62439	-113.17629
43.62705	-113.16944
43.62985	-113.16510
43.63982	-113.14842
43.64406	-113.14026
43.64536	-113.13470
43.64507	-113.13029
43.64410	-113.12590
43.64262	-113.11806
43.64173	-113.11162
43.64039	-113.10598
43.64077	-113.10029
43.64288	-113.09581
43.64575	-113.08800
43.64987	-113.07920
43.65219	-113.07361
43.65440	-113.06803
43.65659	-113.06086
43.66018	-113.05571
43.66400	-113.05039
43.66976	-113.04454
43.67632	-113.03882
43.68360	-113.03560
43.69327	-113.03105
43.70351	-113.02663
43.70900	-113.02647
43.71164	-113.02670
43.71691	-113.02717
43.72572	-113.02675
43.73338	-113.02573
43.74156	-113.02153
43.74801	-113.01660
43.75637	-113.00829
43.76095	-113.00072
43.76404	-112.99288
43.77001	-112.97863
43.77485	-112.96489
43.77892	-112.94659
43.78469	-112.92649
43.78935	-112.90911
43.79342	-112.89112
43.79643	-112.87853
43.79958	-112.86736
43.80342	-112.85696
43.80969	-112.84789
43.81637	-112.84340
43.82250	-112.84019
43.82934	-112.83823
43.83710	-112.83671
43.84361	-112.83586
43.85439	-112.83724
43.86221	-112.83919
43.87125	-112.83905
43.88717	-112.83948
43.90668	-112.84279
43.93075	-112.84532
43.94621	-112.84560
43.95603	-112.84416
43.96148	-112.84176
43.96875	-112.83819
43.97419	-112.83452
43.98048	-112.82734
43.98690	-112.82046
43.99047	-112.81511
43.99426	-112.80832
43.99845	-112.79882
44.00220	-112.78966
44.00637	-112.77921
44.01042	-112.76765
44.01321	-112.75629
44.01626	-112.74714
44.02259	-112.73534
44.02979	-112.72129
44.03378	-112.71321
44.03651	-112.70518
44.03684	-112.69771
44.03793	-112.68815
44.03975	-112.68047
44.04158	-112.67374
44.04701	-112.66323
44.05630	-112.65131
44.06290	-112.64265
44.06760	-112.63645
44.07224	-112.62707
44.07777	-112.61576
44.07993	-112.60837
44.08253	-112.59398
44.08602	-112.57797
44.08982	-112.56608
44.09436	-112.55813
44.10043	-112.55154
44.10486	-112.55011
44.11112	-112.54812
44.11876	-112.54672
44.12363	-112.54384
44.12956	-112.53646
44.13612	-112.52572
44.14185	-112.51406
44.14668	-112.50259
44.15310	-112.49089
44.15941	-112.47952
44.16558	-112.47292
44.17232	-112.46614
44.17860	-112.45937
44.18455	-112.45341
44.18886	-112.44561
44.19395	-112.43650
44.20101	-112.42254
44.21120	-112.40495
44.21490	-112.40082
44.21717	-112.39978
44.22036	-112.39933
44.22449	-112.39980
44.22864	-112.40123
44.23497	-112.40336
44.23943	-112.40350
44.24376	-112.40253
44.25076	-112.39763
44.25939	-112.38821
44.26101	-112.38321
44.25980	-112.38007
44.25922	-112.37341
44.25911	-112.36800
44.26092	-112.36076
44.26697	-112.34841
44.27179	-112.33770
44.27679	-112.33000
44.28223	-112.32166
44.28808	-112.31106
44.29224	-112.30164
44.29426	-112.29391
44.29530	-112.28877
44.29541	-112.28319
44.29555	-112.27840
44.29373	-112.27354
44.29020	-112.26843
44.28655	-112.26333
44.28352	-112.25501
44.28367	-112.25134
44.28453	-112.24828
44.28684	-112.24372
44.29048	-112.23719
44.29851	-112.22713
44.30408	-112.22004
44.30605	-112.21581
44.30813	-112.21110
44.31138	-112.20793
44.31591	-112.20535
44.32042	-112.20244
44.32503	-112.19858
44.32941	-112.19472
44.33298	-112.19026
44.33653	-112.18500
44.33924	-112.18313
44.34249	-112.17438
44.34650	-112.16400
44.34794	-112.15070
44.34839	-112.13968
44.34889	-112.12546
44.34875	-112.10840
44.35051	-112.09461
44.35211	-112.08401
44.35199	-112.07812
44.35125	-112.07049
44.35116	-112.06125
44.35051	-112.05235
44.34866	-112.04111
44.34733	-112.03256
44.34698	-112.02189
44.34779	-112.01212
44.34819	-111.99935
44.34884	-111.98736
44.35008	-111.97645
44.35416	-111.96430
44.35758	-111.95393
44.36289	-111.94076
44.37081	-111.92683
44.37540	-111.92262
44.37894	-111.92229
44.38335	-111.92527
44.38724	-111.93004
44.39111	-111.93432
44.39390	-111.93626
44.39642	-111.93662
44.40021	-111.93692
44.40563	-111.93395
44.41110	-111.92794
44.41552	-111.92135
44.41898	-111.91256
44.42108	-111.90432
44.42315	-111.89496
44.42448	-111.88803
44.42579	-111.88062
44.42605	-111.87230
44.42626	-111.86655
44.42520	-111.86037
44.42495	-111.85431
44.42614	-111.84180
44.42621	-111.83030
44.42555	-111.81676
